import matplotlib.pyplot as plt
import numpy as np
import math

import sys
plt.rcParams["font.sans-serif"]=["SimHei"]
plt.rcParams["axes.unicode_minus"]=False

node = [[  0, 327, 433, 454, 390, 428, 402, 401, 437, 332, 376, 452, 438, 425,
  447, 354, 375, 432, 397, 317, 368, 472, 348, 345, 354, 485, 405, 342,
  427, 440, 344, 343, 335, 466, 483, 433, 394, 436, 422, 461],
 [327,   0, 347, 453, 369, 405, 452, 492, 369, 423, 409, 480, 370, 477,
  375, 331, 495, 345, 415, 324, 300, 414, 305, 312, 435, 445, 310, 494,
  436, 373, 327, 306, 311, 342, 380, 325, 477, 359, 498, 497],
 [433, 347,   0, 383, 462, 447, 313, 393, 350, 308, 339, 487, 397, 469,
  319, 382, 314, 493, 428, 309, 374, 473, 384, 427, 347, 324, 337, 404,
  353, 460, 495, 480, 381, 477, 490, 387, 417, 471, 355, 434],
 [454, 453, 383,   0, 301, 461, 356, 471, 374, 454, 434, 446, 364, 413,
  369, 447, 419, 453, 391, 424, 478, 315, 433, 359, 435, 326, 370, 425,
  380, 352, 390, 355, 444, 436, 352, 384, 357, 482, 310, 368],
 [390, 369, 462, 301,   0, 342, 322, 422, 473, 455, 477, 411, 432, 370,
  383, 492, 360, 468, 437, 338, 414, 374, 354, 310, 308, 361, 460, 453,
  494, 392, 430, 489, 394, 351, 445, 449, 346, 403, 304, 341],
 [428, 405, 447, 461, 342,   0, 491, 456, 352, 383, 497, 300, 459, 384,
  323, 389, 376, 344, 367, 311, 495, 318, 429, 371, 336, 487, 337, 474,
  481, 470, 456, 458, 303, 435, 423, 331, 498, 497, 351, 329],
 [402, 452, 313, 356, 322, 491,   0, 335, 479, 354, 383, 489, 434, 478,
  317, 364, 456, 354, 444, 478, 483, 388, 422, 337, 492, 441, 479, 438,
  422, 334, 338, 473, 487, 345, 452, 455, 301, 425, 455, 439],
 [401, 492, 393, 471, 422, 456, 335,   0, 368, 462, 354, 311, 334, 416,
  335, 435, 331, 398, 404, 339, 403, 394, 425, 379, 424, 366, 491, 461,
  463, 310, 458, 467, 462, 359, 451, 400, 424, 359, 491, 404],
 [437, 369, 350, 374, 473, 352, 479, 368,   0, 331, 310, 455, 476, 365,
  391, 390, 481, 383, 351, 471, 383, 459, 497, 332, 345, 355, 356, 428,
  310, 450, 489, 436, 486, 408, 480, 354, 407, 398, 308, 414],
 [332, 423, 308, 454, 455, 383, 354, 462, 331,   0, 449, 427, 420, 486,
  364, 340, 418, 387, 406, 308, 454, 471, 302, 425, 452, 442, 417, 348,
  446, 462, 300, 441, 450, 435, 310, 498, 424, 433, 380, 473],
 [376, 409, 339, 434, 477, 497, 383, 354, 310, 449,   0, 402, 446, 414,
  366, 398, 390, 409, 307, 314, 394, 400, 347, 497, 382, 487, 489, 403,
  467, 343, 370, 364, 455, 448, 350, 461, 420, 490, 324, 479],
 [452, 480, 487, 446, 411, 300, 489, 311, 455, 427, 402,   0, 425, 305,
  408, 438, 411, 467, 496, 467, 404, 478, 490, 473, 484, 445, 497, 324,
  467, 433, 429, 488, 316, 414, 356, 368, 392, 485, 481, 439],
 [438, 370, 397, 364, 432, 459, 434, 334, 476, 420, 446, 425,   0, 450,
  461, 326, 435, 406, 423, 392, 483, 428, 325, 325, 413, 398, 307, 458,
  408, 323, 363, 479, 336, 450, 404, 327, 397, 451, 302, 414],
 [425, 477, 469, 413, 370, 384, 478, 416, 365, 486, 414, 305, 450,   0,
  455, 405, 361, 372, 340, 452, 336, 434, 350, 455, 318, 356, 453, 341,
  459, 420, 385, 337, 396, 398, 394, 381, 455, 303, 356, 453],
 [447, 375, 319, 369, 383, 323, 317, 335, 391, 364, 366, 408, 461, 455,
    0, 381, 426, 420, 459, 448, 484, 328, 344, 474, 399, 393, 366, 497,
  399, 391, 377, 460, 490, 489, 415, 457, 372, 411, 399, 434],
 [354, 331, 382, 447, 492, 389, 364, 435, 390, 340, 398, 438, 326, 405,
  381,   0, 379, 391, 338, 390, 425, 334, 357, 486, 476, 362, 365, 354,
  409, 470, 325, 300, 454, 346, 308, 344, 431, 371, 485, 415],
 [375, 495, 314, 419, 360, 376, 456, 331, 481, 418, 390, 411, 435, 361,
  426, 379,   0, 399, 384, 427, 372, 452, 447, 431, 327, 472, 455, 494,
  491, 497, 321, 480, 419, 470, 359, 412, 309, 499, 333, 491],
 [432, 345, 493, 453, 468, 344, 354, 398, 383, 387, 409, 467, 406, 372,
  420, 391, 399,   0, 302, 361, 399, 360, 473, 347, 388, 458, 445, 312,
  473, 375, 438, 416, 467, 337, 302, 301, 442, 496, 381, 439],
 [397, 415, 428, 391, 437, 367, 444, 404, 351, 406, 307, 496, 423, 340,
  459, 338, 384, 302,   0, 334, 368, 405, 334, 301, 405, 407, 356, 442,
  414, 395, 348, 393, 494, 460, 337, 301, 354, 397, 441, 490],
 [317, 324, 309, 424, 338, 311, 478, 339, 471, 308, 314, 467, 392, 452,
  448, 390, 427, 361, 334,   0, 480, 437, 350, 326, 338, 307, 434, 498,
  380, 411, 423, 466, 463, 418, 400, 335, 312, 444, 367, 356],
 [368, 300, 374, 478, 414, 495, 483, 403, 383, 454, 394, 404, 483, 336,
  484, 425, 372, 399, 368, 480,   0, 351, 482, 400, 420, 351, 416, 377,
  317, 308, 378, 331, 305, 380, 387, 492, 487, 415, 490, 368],
 [472, 414, 473, 315, 374, 318, 388, 394, 459, 471, 400, 478, 428, 434,
  328, 334, 452, 360, 405, 437, 351,   0, 328, 373, 382, 457, 338, 471,
  389, 434, 345, 339, 393, 301, 450, 364, 431, 483, 433, 333],
 [348, 305, 384, 433, 354, 429, 422, 425, 497, 302, 347, 490, 325, 350,
  344, 357, 447, 473, 334, 350, 482, 328,   0, 421, 447, 458, 374, 489,
  310, 330, 422, 458, 351, 393, 478, 470, 459, 431, 337, 305],
 [345, 312, 427, 359, 310, 371, 337, 379, 332, 425, 497, 473, 325, 455,
  474, 486, 431, 347, 301, 326, 400, 373, 421,   0, 430, 306, 491, 457,
  425, 340, 381, 392, 432, 407, 341, 398, 347, 472, 384, 340],
 [354, 435, 347, 435, 308, 336, 492, 424, 345, 452, 382, 484, 413, 318,
  399, 476, 327, 388, 405, 338, 420, 382, 447, 430,   0, 492, 388, 303,
  404, 385, 498, 362, 367, 409, 424, 393, 334, 465, 446, 476],
 [485, 445, 324, 326, 361, 487, 441, 366, 355, 442, 487, 445, 398, 356,
  393, 362, 472, 458, 407, 307, 351, 457, 458, 306, 492,   0, 353, 365,
  404, 342, 381, 476, 456, 393, 478, 455, 415, 480, 442, 400],
 [405, 310, 337, 370, 460, 337, 479, 491, 356, 417, 489, 497, 307, 453,
  366, 365, 455, 445, 356, 434, 416, 338, 374, 491, 388, 353,   0, 470,
  395, 492, 380, 430, 456, 325, 456, 307, 350, 382, 332, 313],
 [342, 494, 404, 425, 453, 474, 438, 461, 428, 348, 403, 324, 458, 341,
  497, 354, 494, 312, 442, 498, 377, 471, 489, 457, 303, 365, 470,   0,
  312, 336, 334, 358, 345, 486, 306, 332, 388, 368, 461, 357],
 [427, 436, 353, 380, 494, 481, 422, 463, 310, 446, 467, 467, 408, 459,
  399, 409, 491, 473, 414, 380, 317, 389, 310, 425, 404, 404, 395, 312,
    0, 321, 497, 333, 345, 427, 477, 334, 447, 319, 441, 380],
 [440, 373, 460, 352, 392, 470, 334, 310, 450, 462, 343, 433, 323, 420,
  391, 470, 497, 375, 395, 411, 308, 434, 330, 340, 385, 342, 492, 336,
  321,   0, 351, 318, 400, 406, 379, 385, 322, 408, 470, 396],
 [344, 327, 495, 390, 430, 456, 338, 458, 489, 300, 370, 429, 363, 385,
  377, 325, 321, 438, 348, 423, 378, 345, 422, 381, 498, 381, 380, 334,
  497, 351,   0, 310, 429, 368, 457, 390, 318, 381, 320, 401],
 [343, 306, 480, 355, 489, 458, 473, 467, 436, 441, 364, 488, 479, 337,
  460, 300, 480, 416, 393, 466, 331, 339, 458, 392, 362, 476, 430, 358,
  333, 318, 310,   0, 328, 420, 327, 350, 372, 320, 403, 432],
 [335, 311, 381, 444, 394, 303, 487, 462, 486, 450, 455, 316, 336, 396,
  490, 454, 419, 467, 494, 463, 305, 393, 351, 432, 367, 456, 456, 345,
  345, 400, 429, 328,   0, 489, 363, 409, 454, 443, 355, 416],
 [466, 342, 477, 436, 351, 435, 345, 359, 408, 435, 448, 414, 450, 398,
  489, 346, 470, 337, 460, 418, 380, 301, 393, 407, 409, 393, 325, 486,
  427, 406, 368, 420, 489,   0, 337, 385, 369, 395, 421, 338],
 [483, 380, 490, 352, 445, 423, 452, 451, 480, 310, 350, 356, 404, 394,
  415, 308, 359, 302, 337, 400, 387, 450, 478, 341, 424, 478, 456, 306,
  477, 379, 457, 327, 363, 337,   0, 314, 397, 440, 389, 345],
 [433, 325, 387, 384, 449, 331, 455, 400, 354, 498, 461, 368, 327, 381,
  457, 344, 412, 301, 301, 335, 492, 364, 470, 398, 393, 455, 307, 332,
  334, 385, 390, 350, 409, 385, 314,   0, 310, 386, 364, 311],
 [394, 477, 417, 357, 346, 498, 301, 424, 407, 424, 420, 392, 397, 455,
  372, 431, 309, 442, 354, 312, 487, 431, 459, 347, 334, 415, 350, 388,
  447, 322, 318, 372, 454, 369, 397, 310,   0, 344, 478, 411],
 [436, 359, 471, 482, 403, 497, 425, 359, 398, 433, 490, 485, 451, 303,
  411, 371, 499, 496, 397, 444, 415, 483, 431, 472, 465, 480, 382, 368,
  319, 408, 381, 320, 443, 395, 440, 386, 344,   0, 333, 403],
 [422, 498, 355, 310, 304, 351, 455, 491, 308, 380, 324, 481, 302, 356,
  399, 485, 333, 381, 441, 367, 490, 433, 337, 384, 446, 442, 332, 461,
  441, 470, 320, 403, 355, 421, 389, 364, 478, 333,   0, 359],
 [461, 497, 434, 368, 341, 329, 439, 404, 414, 473, 479, 439, 414, 453,
  434, 415, 491, 439, 490, 356, 368, 333, 305, 340, 476, 400, 313, 357,
  380, 396, 401, 432, 416, 338, 345, 311, 411, 403, 359,   0]]
num = 40
encourage = [0]*num
AllC = [1000] * num
piecescale = [10,20,30,40,50,60]
def findID(id,pieceid):

    AllC[id] = AllC[id] - piecescale[pieceid]
    C = [0]*(num-1)
    jj = 0
    for i in range(len(AllC)):
        if i!=id:
            C[jj] = 1/AllC[i]
            jj = jj + 1
    RSUID = [0]*(num-1)
    findRSUID = [0]*(int(num/2))

    distance = [0]*(num-1)
    jj = 0
    for i in range(len(node[id])):
        if i!=id:
            distance[jj] = node[id][i]
            RSUID[jj] = i
            jj = jj+1
    d = np.sum(node, axis=1)
    E = [distance,C]

    f = [[0] * len(distance),[0]* len(distance)]
    for j in range(2):
        for t in range(len(distance)):
            f[j][t] = E[j][t] / np.sum(E[j])
    k = 1 / (math.log(len(distance)))
    H = [0] * 2
    r = [0.0] * 2
    for i in range(2):
        sum = 0
        for j in range(len(distance)):
            sum = sum + f[i][j] * math.log(f[i][j])
        H[i] = -1 * k * sum
    for i in range(len(r)):
        r[i] = (1 - H[i]) / (2 - np.sum(H))
    # print(r)
    w = [0.0] * len(distance)
    for i in range(len(w)):
        if max(distance) == min(distance):
            distancei = 0
        else:
            distancei = (distance[i] - min(distance)) / (max(distance) - min(distance))
        if max(C) == min(C):
            ci = 0
        else:
            ci = (C[i] - min(C)) / (max(C) - min(C))

        w[i] = r[0]*distancei+r[1] * ci
    w2 = sorted(w)
    jj = len(w2)-1
    while jj>=0:
        if w2[jj] == 0:
            w2[jj] = w2[jj+1]/2
            for i in range(len(w)):
                if w[i] == 0:
                    w[i] = w2[jj+1]/2
        jj = jj-1
    jj = 0
    for i in range(len(w2)):
        for j in range(len(w)):
            if (w[j] == w2[i]) & (jj<len(findRSUID)):
                findRSUID[jj] = RSUID[j]
                encourage[RSUID[j]] = encourage[RSUID[j]]+w[j]
                jj = jj + 1
    return findRSUID

def findID2(id):
    C = [0]*(num-1)
    jj = 0
    for i in range(len(AllC)):
        if i!=id:
            C[jj] = 1/AllC[i]
            jj = jj + 1
    RSUID = [0]*(num-1)
    findRSUID = [0]*(int(num/2))

    distance = [0]*(num-1)
    jj = 0
    for i in range(len(node[id])):
        if i!=id:
            distance[jj] = node[id][i]
            RSUID[jj] = i
            jj = jj+1
    d = np.sum(node, axis=1)
    E = [distance,C]

    f = [[0] * len(distance),[0]* len(distance)]
    for j in range(2):
        for t in range(len(distance)):
            f[j][t] = E[j][t] / np.sum(E[j])
    k = 1 / (math.log(len(distance)))
    H = [0] * 2
    r = [0.0] * 2
    for i in range(2):
        sum = 0
        for j in range(len(distance)):
            sum = sum + f[i][j] * math.log(f[i][j])
        H[i] = -1 * k * sum
    for i in range(len(r)):
        r[i] = (1 - H[i]) / (2 - np.sum(H))
    # print(r)
    w = [0.0] * len(distance)
    for i in range(len(w)):
        if max(distance) == min(distance):
            distancei = 0
        else:
            distancei = (distance[i] - min(distance)) / (max(distance) - min(distance))
        if max(C) == min(C):
            ci = 0
        else:
            ci = (C[i] - min(C)) / (max(C) - min(C))

        w[i] = r[0]*distancei+r[1] * ci
    w2 = sorted(w)
    jj = len(w2)-1
    while jj>=0:
        if w2[jj] == 0:
            w2[jj] = w2[jj+1]/2
            for i in range(len(w)):
                if w[i] == 0:
                    w[i] = w2[jj+1]/2
        jj = jj-1
    jj = 0
    for i in range(len(w2)):
        for j in range(len(w)):
            if (w[j] == w2[i]) & (jj<len(findRSUID)):
                findRSUID[jj] = RSUID[j]
                encourage[RSUID[j]] = encourage[RSUID[j]]+w[j]
                jj = jj + 1
    return findRSUID

def changeIDstorage(id,rr,changeid):

    # print(id)
    storageCopy = AllC.copy()
    storageCopy[changeid] = storageCopy[changeid]+rr*500
    C = [0]*(num-1)
    jj = 0
    for i in range(len(storageCopy)):
        if i!=id:
            C[jj] = 1/storageCopy[i]
            jj = jj + 1
    RSUID = [0]*(num-1)
    findRSUID = [0]*(int(num/2))

    distance = [0]*(num-1)
    jj = 0
    for i in range(len(node[id])):
        if i!=id:
            distance[jj] = node[id][i]
            RSUID[jj] = i
            jj = jj+1
    d = np.sum(node, axis=1)
    E = [distance,C]

    f = [[0] * len(distance),[0]* len(distance)]
    for j in range(2):
        for t in range(len(distance)):
            f[j][t] = E[j][t] / np.sum(E[j])
    k = 1 / (math.log(len(distance)))
    H = [0] * 2
    r = [0.0] * 2
    for i in range(2):
        sum = 0
        for j in range(len(distance)):
            sum = sum + f[i][j] * math.log(f[i][j])
        H[i] = -1 * k * sum
    for i in range(len(r)):
        r[i] = (1 - H[i]) / (2 - np.sum(H))
    # print(r)
    w = [0.0] * len(distance)
    for i in range(len(w)):
        if max(distance) == min(distance):
            distancei = 0
        else:
            distancei = (distance[i] - min(distance)) / (max(distance) - min(distance))
        if max(C) == min(C):
            ci = 0
        else:
            ci = (C[i] - min(C)) / (max(C) - min(C))

        w[i] = r[0]*distancei+r[1] * ci
    w2 = sorted(w)
    jj = len(w2)-1
    while jj>=0:
        if w2[jj] == 0:
            w2[jj] = w2[jj+1]/2
            for i in range(len(w)):
                if w[i] == 0:
                    w[i] = w2[jj+1]/2
        jj = jj-1
    jj = 0
    for i in range(len(w2)):
        for j in range(len(w)):
            if (w[j] == w2[i]) & (jj<len(findRSUID)):
                findRSUID[jj] = RSUID[j]
                encourage[RSUID[j]] = encourage[RSUID[j]]+w[j]
                jj = jj + 1
    return findRSUID

def delStorage():
    timesid = [0]*num
    for i in range(len(AllC)):
        findRSUID = findID2(i)
        for j in range(len(findRSUID)):
            timesid[findRSUID[j]] = timesid[findRSUID[j]] + 1
    for x in range(len(timesid)):
        if AllC[x] <1000:
            if timesid[x]<=(0.3*num):
                unloadRSUNum[x] = unloadRSUNum[x] + 1
                rr = 0
                times = 0
                while times<=(0.8*num):
                    rr = rr + 0.05
                    times = 0
                    for i in range(len(AllC)):
                        findRSUID = changeIDstorage(i,rr,x)
                        if x in findRSUID:
                            times = times+1
                if (AllC[x] + rr*1000)<=1000:
                    AllC[x] = AllC[x] + rr*1000
                else:
                    AllC[x] = 1000

unloadRSUNum = [0]*num
unloadNum50 = [[0]*num]*len(piecescale)
unloadNum100 = [[0]*num]*len(piecescale)
unloadNum150 = [[0]*num]*len(piecescale)
for a in range(len(piecescale)):
    unloadRSUNum = [0]*num
    AllC = [1000] * num
    for b in range(50):

        id = np.random.randint(num)
        findRSUID = findID(id,a)
        for i in range(len(findRSUID)):
            AllC[findRSUID[i]] = AllC[findRSUID[i]] - piecescale[a]
        delStorage()
    unloadNum50[a] = unloadRSUNum

    unloadNum50 = np.array(unloadNum50)
print(unloadNum50.sum(axis=1))

for a in range(len(piecescale)):
    unloadRSUNum = [0]*num
    AllC = [1000] * num
    for b in range(100):

        id = np.random.randint(num)
        findRSUID = findID(id,a)
        for i in range(len(findRSUID)):
            AllC[findRSUID[i]] = AllC[findRSUID[i]] - piecescale[a]
        delStorage()
    unloadNum100[a] = unloadRSUNum

    unloadNum100 = np.array(unloadNum100)
print(unloadNum100.sum(axis=1))

for a in range(len(piecescale)):
    unloadRSUNum = [0]*num
    AllC = [1000] * num
    for b in range(150):

        id = np.random.randint(num)
        findRSUID = findID(id,a)
        for i in range(len(findRSUID)):
            AllC[findRSUID[i]] = AllC[findRSUID[i]] - piecescale[a]
        delStorage()
    unloadNum150[a] = unloadRSUNum

    unloadNum150 = np.array(unloadNum150)
print(unloadNum150.sum(axis=1))




